Pid	Bst	Arr	Pri	Dline	I/O
1	1	1179	72	1187	1
2	78	543	2	621	0
3	3	1179	71	2170	0
4	30	6270	25	6309	0
5	3	7367	50	7373	4
6	20	7807	27	7831	0
7	42	3589	22	3638	0
8	-8	5923	82	5919	5
9	13	-1	14	16	3
10	17	8063	7	-5	0
11	82	1179	33	6334	4
12	43	1179	69	9932	0
13	51	1179	8	2914	0
14	71	1180	86	3527	0
15	11	1180	54	6442	0
16	85	1180	87	1523	3
17	100	1180	33	9417	4
18	49	1180	61	9987	0
19	46	1180	64	7094	0
20	36	1068	15	1105	4
21	43	5834	18	5885	0
22	55	3697	44	3760	1
23	73	9017	29	9094	0
24	80	4333	47	4420	0
25	75	7327	10	7409	5
26	55	1516	6	1574	4
27	69	6718	26	6787	2
28	77	4628	87	4713	0
29	77	6293	20	6370	0
30	26	9565	79	9598	0
31	45	2893	10	2939	5
32	19	6406	12	6425	0
33	8	3131	3	3140	0
34	13	8505	32	8527	0
35	17	7781	14	7805	0
36	78	9881	8	9962	2
37	95	2154	27	2257	0
38	85	9184	22	9278	0
39	93	8672	53	8767	0
40	48	4858	7	4915	0
41	28	4282	79	4319	2
42	93	3846	39	3940	0
43	61	6405	23	6468	0
44	87	98	78	191	4
45	6	21	23	28	0
46	93	6709	1	6805	1
47	81	1823	65	1904	0
48	44	9630	43	9682	0
49	83	1203	55	1291	5
50	14	5447	40	5464	0
51	2	9529	46	9540	2
52	83	1639	3	1724	2
53	21	8043	89	8069	4
54	45	3190	8	3244	0
55	9	5600	26	5611	0
56	35	2977	67	3014	0
57	63	7148	48	7212	0
58	34	1912	85	1952	4
59	3	9860	80	9865	0
60	31	8023	35	8061	0
61	46	6961	27	7010	2
62	57	3785	57	3846	3
63	72	8299	27	8379	5
64	4	5120	22	5131	0
65	36	3023	38	3064	0
66	26	6883	32	6912	2
67	25	7422	35	7451	0
68	81	4427	48	4515	2
69	84	4508	42	4595	0
70	39	9778	82	9822	3
71	59	6039	43	6099	0
72	52	4649	66	4710	0
73	33	9197	41	9235	0
74	43	4669	25	4715	3
75	1	3329	80	3332	0
76	19	5249	30	5270	3
77	56	2218	28	2275	4
78	82	6718	47	6802	4
79	62	6133	2	6204	4
80	49	8143	30	8198	0
81	23	1333	84	1359	0
82	52	1702	88	1763	0
83	30	6174	32	6204	0
84	73	7229	4	7304	0
85	100	9998	72	10104	4
86	94	8474	84	8576	1
87	41	5002	25	5050	5
88	49	8390	1	8442	0
89	73	885	78	966	1
90	24	2486	39	2517	0
91	43	1406	67	1452	1
92	63	578	33	644	0
93	53	5324	59	5377	0
94	46	2893	57	2946	0
95	13	9442	81	9461	1
96	11	4258	3	4276	0
97	12	4008	87	4028	4
98	68	4897	88	4974	4
99	64	8715	45	8783	0
100	99	5139	70	5247	5
101	21	8031	20	8058	0
102	69	9608	38	9683	0
103	96	5381	19	5481	5
104	14	8948	14	8967	0
105	34	3811	5	3851	0
106	39	7294	66	7338	0
107	61	6535	1	6602	0
108	29	1419	31	1450	0
109	16	56	52	77	0
110	44	5097	55	5143	0
111	63	372	66	444	5
112	56	4958	17	5022	0
113	3	26	30	35	1
114	96	8805	56	8903	0
115	15	9524	50	9544	0
116	27	5610	38	5641	0
117	18	6847	27	6869	0
118	21	9219	85	9248	0
119	91	4036	39	4132	0
120	18	6662	83	6687	3
121	68	3118	86	3191	0
122	93	3028	51	3126	0
123	18	9863	34	9886	2
124	32	5001	29	5041	5
125	76	4330	37	4407	0
126	73	6255	32	6328	4
127	93	4225	41	4325	0
128	85	7241	21	7332	0
129	30	5329	63	5361	0
130	43	4560	3	4611	0
131	59	2963	32	3027	0
132	30	2812	47	2846	0
133	90	5938	36	6037	0
134	97	1366	8	1470	0
135	6	6117	89	6131	0
136	72	9674	68	9754	0
137	10	8448	40	8465	0
138	84	2590	34	2675	0
139	13	2538	48	2551	3
140	12	2605	29	2623	0
141	99	320	18	421	0
142	9	6617	19	6635	0
143	17	4867	4	4887	0
144	27	1399	68	1430	0
145	82	9519	87	9610	0
146	93	6548	50	6644	1
147	38	580	26	622	0
148	68	3733	46	3808	5
149	78	95	30	176	0
150	61	7552	34	7620	1
151	52	7508	41	7561	0
152	49	2764	5	2813	5
153	78	3472	80	3552	0
154	44	7152	52	7202	0
155	24	592	31	625	0
156	48	1748	27	1799	0
157	19	7476	0	7502	0
158	100	3736	74	3842	0
159	86	6998	50	7092	0
160	84	120	64	208	0
161	74	9974	43	10056	0
162	20	742	22	765	0
163	61	3188	14	3258	2
164	99	4594	63	4694	0
165	21	1084	89	1110	0
166	100	5156	55	5262	5
167	81	7445	34	7529	2
168	44	1941	61	1993	0
169	45	5473	64	5523	5
170	87	4726	51	4819	2
171	18	7512	41	7539	0
172	27	6939	68	6966	0
173	81	2546	54	2633	5
174	39	8653	81	8693	0
175	42	5092	88	5135	0
176	54	824	35	880	0
177	5	2311	20	2325	0
178	24	4350	71	4374	0
179	21	920	50	942	0
180	85	5816	9	5908	0
181	93	3790	60	3888	0
182	11	8687	34	8701	0
183	27	811	72	841	1
184	95	1425	53	1525	0
185	64	8497	14	8563	0
186	44	576	58	627	0
187	10	281	69	299	1
188	48	8070	3	8119	0
189	23	5497	34	5520	0
190	9	299	52	314	5
191	100	5708	60	5813	0
192	45	2592	61	2646	5
193	11	3095	63	3115	3
194	38	6630	14	6668	0
195	85	8144	78	8233	0
196	81	4950	36	5031	4
197	86	751	61	840	0
198	84	3771	50	3864	0
199	47	2785	22	2836	0
200	58	9063	27	9130	3
201	50	9969	78	10021	0
202	40	6251	27	6300	1
203	29	8065	18	8096	0
204	31	6486	15	6519	5
205	73	9756	75	9835	0
206	16	9781	69	9801	0
207	45	4097	15	4148	0
208	11	6108	64	6120	0
209	1	2331	68	2337	0
210	29	5879	24	5914	3
211	47	4592	80	4646	3
212	15	9351	42	9366	0
213	43	1012	21	1062	0
214	83	3037	49	3121	1
215	64	4672	52	4745	5
216	15	3337	67	3355	5
217	1	1062	71	1069	3
218	51	5570	86	5630	0
219	66	6872	41	6938	0
220	48	3795	52	3850	0
221	25	3958	72	3990	5
222	97	5397	40	5498	0
223	70	4095	11	4174	0
224	81	7677	49	7760	0
225	70	4216	54	4287	0
226	66	4301	30	4373	3
227	91	9981	61	10075	0
228	74	7854	37	7936	5
229	55	4576	86	4640	0
230	38	4851	36	4891	0
231	56	1365	8	1430	0
232	33	8156	84	8198	3
233	30	2571	63	2609	0
234	39	8029	66	8074	0
235	51	7460	36	7512	5
236	29	9994	7	10025	0
237	46	5710	81	5765	0
238	20	9041	6	9067	0
239	4	1766	22	1776	0
240	28	5753	46	5787	0
241	71	4859	16	4936	0
242	13	1983	44	1997	4
243	38	4694	8	4737	2
244	88	7061	23	7155	0
245	9	8558	80	8575	2
246	93	2312	83	2408	5
247	54	279	60	337	0
248	17	3525	56	3542	1
249	64	2623	10	2696	0
250	50	376	82	427	0
251	50	9340	62	9394	3
252	52	8103	75	8160	0
253	38	1177	39	1218	5
254	67	3473	32	3545	3
255	34	6256	19	6294	0
256	28	2353	50	2388	2
257	53	9658	17	9715	0
258	90	7829	63	7925	5
259	4	5266	68	5276	0
260	48	2122	58	2178	0
261	48	2887	39	2943	1
262	86	9589	55	9681	0
263	67	8521	30	8594	4
264	73	1651	60	1728	5
265	7	601	86	609	0
266	15	3445	46	3465	0
267	56	8675	40	8733	2
268	9	1423	71	1437	3
269	64	8951	81	9024	1
270	83	2194	21	2277	0
271	48	2777	65	2832	1
272	20	1696	6	1720	0
273	40	7801	15	7842	4
274	59	7915	71	7974	0
275	74	1312	25	1390	0
276	4	1023	79	1028	0
277	76	3161	80	3238	0
278	84	7876	76	7961	0
279	40	6473	1	6516	0
280	16	3965	42	3986	0
281	78	454	69	535	2
282	97	5593	41	5699	3
283	29	1762	69	1795	1
284	64	6032	84	6103	4
285	65	8805	36	8871	4
286	7	2557	35	2567	0
287	22	418	74	447	4
288	6	5881	32	5894	5
289	68	5511	79	5579	0
290	100	5673	33	5778	0
291	85	3554	41	3640	5
292	33	8066	0	8102	4
293	78	1398	23	1483	5
294	45	8336	35	8385	5
295	81	1805	49	1895	1
296	8	4419	59	4436	0
297	74	7729	35	7803	0
298	66	4083	30	4154	0
299	64	5723	64	5790	3
300	87	8825	5	8915	0
301	76	4398	64	4482	1
302	71	7742	10	7816	0
303	85	2210	48	2302	3
304	40	7479	8	7522	0
305	52	2451	23	2506	0
306	38	4719	54	4765	1
307	61	3304	46	3369	5
308	66	6573	27	6646	0
309	86	7256	24	7350	1
310	5	9095	52	9107	0
311	52	9670	85	9727	0
312	37	744	3	782	3
313	99	4575	15	4676	2
314	56	4946	75	5009	0
315	59	5052	25	5117	0
316	61	3894	7	3957	0
317	17	1923	77	1947	5
318	52	635	55	695	2
319	29	6815	60	6849	0
320	57	6854	18	6911	3
321	38	2153	42	2197	0
322	44	2976	86	3028	0
323	29	3339	81	3376	5
324	95	4799	4	4902	3
325	67	6024	20	6098	0
326	83	2226	19	2317	0
327	100	163	24	264	1
328	61	8408	82	8470	4
329	24	9236	84	9267	0
330	9	6157	62	6170	4
331	55	2668	20	2728	0
332	18	8652	24	8672	1
333	70	4488	38	4563	3
334	7	8279	32	8286	1
335	97	6196	80	6299	4
336	95	1738	47	1837	0
337	98	4535	29	4636	0
338	16	9470	53	9486	0
339	5	128	8	139	0
340	82	4514	74	4600	2
341	100	6404	82	6508	0
342	71	9574	2	9646	1
343	3	9208	87	9219	0
344	86	7326	37	7415	0
345	68	4414	11	4486	0
346	58	3110	58	3170	5
347	31	2658	27	2694	0
348	5	6748	2	6757	3
349	54	8348	33	8403	0
350	62	9087	70	9152	4
351	70	3905	4	3984	2
352	7	5496	0	5503	4
353	90	3618	34	3717	3
354	67	5963	77	6033	3
355	49	3672	25	3727	3
356	75	9746	31	9826	4
357	50	9395	45	9451	1
358	91	6790	26	6886	3
359	26	9810	81	9845	1
360	50	3181	37	3231	1
361	93	5768	31	5866	0
362	58	6024	0	6090	4
363	13	8635	33	8656	0
364	83	4906	30	4992	0
365	50	8640	73	8696	5
366	33	7940	21	7980	4
367	71	8592	41	8672	3
368	19	9147	26	9166	0
369	58	2668	23	2734	0
370	56	6595	4	6656	0
371	48	9232	79	9288	0
372	39	7112	41	7157	3
373	73	860	79	934	0
374	74	6393	51	6468	0
375	75	52	32	134	3
376	54	9000	87	9060	5
377	8	5549	52	5564	0
378	92	4983	58	5075	2
379	31	5156	37	5193	0
380	89	7817	36	7909	0
381	47	7032	86	7085	3
382	34	1712	49	1747	0
383	10	3016	23	3026	0
384	2	1985	5	1990	0
385	16	3611	17	3629	0
386	1	378	86	380	0
387	1	282	86	283	4
388	16	6382	3	6407	0
389	12	3421	66	3437	0
390	86	9394	47	9486	4
391	27	5012	19	5040	0
392	44	9289	18	9336	0
393	86	9615	17	9704	1
394	81	2528	57	2611	0
395	18	2864	50	2890	1
396	29	8166	47	8198	0
397	51	6108	43	6159	0
398	24	4282	16	4313	0
399	41	8597	88	8642	0
400	30	201	27	237	0
401	92	9235	62	9333	2
402	33	4292	83	4329	4
403	21	787	0	815	4
404	63	8248	60	8318	2
405	41	9500	4	9549	0
406	45	7128	80	7179	0
407	31	8944	22	8981	0
408	33	3476	32	3513	4
409	4	8942	39	8955	5
410	31	9173	28	9207	3
411	3	3860	21	3866	0
412	59	8787	77	8849	5
413	16	9403	42	9422	0
414	18	5339	12	5366	1
415	49	7155	20	7212	0
416	65	5799	44	5865	0
417	40	1999	16	2041	0
418	96	3718	43	3823	0
419	41	9508	1	9552	0
420	23	2754	26	2782	0
421	78	4307	27	4385	2
422	49	7955	48	8006	0
423	60	8977	67	9038	3
424	23	8774	50	8801	5
425	65	7604	60	7670	0
426	92	5516	67	5617	4
427	56	8886	48	8942	0
428	12	3941	88	3953	1
429	2	7215	12	7217	0
430	58	1298	85	1364	1
431	22	2611	44	2638	3
432	82	1795	69	1881	5
433	52	6900	27	6953	0
434	2	4855	65	4858	0
435	69	6068	61	6143	0
436	42	4852	64	4901	5
437	68	3781	85	3850	5
438	59	4220	37	4285	0
439	24	6813	16	6841	0
440	15	4377	53	4395	3
441	61	3758	69	3827	0
442	10	3695	86	3710	0
443	78	1724	34	1802	0
444	47	4036	29	4084	0
445	69	1876	19	1945	2
446	72	1174	53	1254	0
447	53	664	34	717	5
448	43	2171	71	2220	0
449	70	2684	81	2762	2
450	37	3387	88	3429	0
451	31	6673	64	6710	4
452	24	407	77	440	0
453	65	2362	77	2434	0
454	86	6436	41	6522	0
455	44	1642	74	1695	0
456	37	9099	48	9139	2
457	11	6678	61	6696	5
458	43	1256	69	1303	4
459	66	945	64	1013	4
460	7	7163	62	7171	0
461	64	1165	41	1229	5
462	50	4856	11	4914	0
463	33	2834	45	2871	0
464	78	8265	32	8347	0
465	85	6133	49	6219	0
466	14	2069	74	2083	0
467	35	71	71	115	0
468	32	6105	32	6139	1
469	80	9278	21	9363	2
470	73	506	81	580	0
471	34	2925	43	2966	0
472	38	3032	70	3072	4
473	19	1101	68	1128	0
474	32	3309	61	3344	4
475	76	6447	38	6524	0
476	93	3447	35	3541	2
477	50	7230	56	7288	3
478	17	5939	44	5958	5
479	3	6255	18	6260	0
480	15	7664	43	7687	0
481	95	7432	15	7529	1
482	28	4874	67	4910	4
483	67	4334	63	4409	0
484	99	5103	79	5211	5
485	88	302	68	394	2
486	78	5741	66	5826	1
487	88	3587	27	3675	2
488	7	7651	69	7664	0
489	46	7835	56	7883	0
490	58	2322	31	2386	5
491	89	31	71	129	0
492	10	4191	22	4210	4
493	18	470	85	497	0
494	31	5059	67	5090	0
495	40	819	33	863	2
496	19	3174	50	3201	0
497	41	8249	68	8291	0
498	83	7953	79	8043	3
499	41	2904	4	2945	0
500	46	9676	48	9725	1